#                                                                                         --- full sequence --- -------------- this domain -------------   hmm coord   ali coord   env coord
# target name                     accession   tlen query name           accession   qlen   E-value  score  bias   #  of  c-Evalue  i-Evalue  score  bias  from    to  from    to  from    to  acc description of target
#             ------------------- ---------- ----- -------------------- ---------- ----- --------- ------ ----- --- --- --------- --------- ------ ----- ----- ----- ----- ----- ----- ----- ---- ---------------------
NZ_ABEL01000019.1:653-2485|-      -            611 1036075at2           -            356   6.9e-86  286.7  16.3   1   4   9.7e-42   1.4e-38  131.1  10.1     1   155    18   238    18   283 0.81 NZ_ABEL01000019.1_2 # 653 # 2485 # -1 # ID=30_2;partial=00;start_type=GTG;rbs_motif=4Base/6BMM;rbs_spacer=13-15bp;gc_cont=0.535
NZ_ABEL01000019.1:653-2485|-      -            611 1036075at2           -            356   6.9e-86  286.7  16.3   2   4     0.087   1.3e+02   -0.3   0.0   187   210   339   365   323   370 0.73 NZ_ABEL01000019.1_2 # 653 # 2485 # -1 # ID=30_2;partial=00;start_type=GTG;rbs_motif=4Base/6BMM;rbs_spacer=13-15bp;gc_cont=0.535
NZ_ABEL01000019.1:653-2485|-      -            611 1036075at2           -            356   6.9e-86  286.7  16.3   3   4   3.2e-26   4.7e-23   80.1   0.0   196   281   377   480   351   484 0.79 NZ_ABEL01000019.1_2 # 653 # 2485 # -1 # ID=30_2;partial=00;start_type=GTG;rbs_motif=4Base/6BMM;rbs_spacer=13-15bp;gc_cont=0.535
NZ_ABEL01000019.1:653-2485|-      -            611 1036075at2           -            356   6.9e-86  286.7  16.3   4   4   2.6e-20   3.8e-17   60.6   0.1   286   356   524   604   522   604 0.91 NZ_ABEL01000019.1_2 # 653 # 2485 # -1 # ID=30_2;partial=00;start_type=GTG;rbs_motif=4Base/6BMM;rbs_spacer=13-15bp;gc_cont=0.535
NZ_ABEL01000013.1:109625-110506|- -            294 1036075at2           -            356   8.5e-22   75.9   0.0   1   1   6.3e-22   9.3e-19   65.9   0.0     1   159    35   239    35   245 0.75 NZ_ABEL01000013.1_112 # 109625 # 110506 # -1 # ID=36_112;partial=00;start_type=GTG;rbs_motif=GGAG/GAGG;rbs_spacer=5-10bp;gc_cont=0.558
NZ_ABEL01000001.1:609138-611159|+ -            674 1036075at2           -            356   0.00012   19.6   0.5   1   1   1.3e-07   0.00019   18.8   0.5   120   156   633   668   625   673 0.86 NZ_ABEL01000001.1_589 # 609138 # 611159 # 1 # ID=48_589;partial=00;start_type=ATG;rbs_motif=GGA/GAG/AGG;rbs_spacer=5-10bp;gc_cont=0.552
#
# Program:         hmmsearch
# Version:         3.4 (Aug 2023)
# Pipeline mode:   SEARCH
# Query file:      /busco_wd/busco_downloads/lineages/bacteria_odb10/hmms/1036075at2.hmm
# Target file:     /output/GCF_000171315.1_ASM17131v1_genomic/prodigal_output/predicted_genes/predicted.faa
# Option settings: hmmsearch --domtblout /output/GCF_000171315.1_ASM17131v1_genomic/run_bacteria_odb10/hmmer_output/1036075at2.out --cpu 1 /busco_wd/busco_downloads/lineages/bacteria_odb10/hmms/1036075at2.hmm /output/GCF_000171315.1_ASM17131v1_genomic/prodigal_output/predicted_genes/predicted.faa 
# Current dir:     /busco_wd
# Date:            Wed Feb 25 15:52:51 2026
# [ok]
